0.0100 0.686722E-01
0.0100 0.686722E-01
0.0200 0.942775E-01
0.0300 0.112960
0.0400 0.128313
0.0500 0.141664
0.0600 0.153664
0.0700 0.164687
0.0800 0.174968
0.0900 0.184666
0.1000 0.193893
0.1100 0.202731
0.1200 0.211245
0.1300 0.219483
0.1400 0.227485
0.1500 0.235280
0.1600 0.242897
0.1700 0.250356
0.1800 0.257675
0.1900 0.264869
0.2000 0.271953
0.2100 0.278938
0.2200 0.285833
0.2300 0.292647
0.2400 0.299388
0.2500 0.306063
0.2600 0.312677
0.2700 0.319237
0.2800 0.325748
0.2900 0.332213
0.3000 0.338636
0.3100 0.345022
0.3200 0.351374
0.3300 0.357694
0.3400 0.363985
0.3500 0.370251
0.3600 0.376492
0.3700 0.382713
0.3800 0.388913
0.3900 0.395096
0.4000 0.401263
0.4100 0.407416
0.4200 0.413556
0.4300 0.419685
0.4400 0.425803
0.4500 0.431913
0.4600 0.438015
0.4700 0.444110
0.4800 0.450200
0.4900 0.456285
0.5000 0.462366
0.5100 0.468444
0.5200 0.474520
0.5300 0.480595
0.5400 0.486669
0.5500 0.492743
0.5600 0.498818
0.5700 0.504895
0.5800 0.510973
0.5900 0.517054
0.6000 0.523137
0.6100 0.529225
0.6200 0.535316
0.6300 0.541412
0.6400 0.547512
0.6500 0.553618
0.6600 0.559730
0.6700 0.565848
0.6800 0.571972
0.6900 0.578103
0.7000 0.584242
0.7100 0.590387
0.7200 0.596541
0.7300 0.602703
0.7400 0.608873
0.7500 0.615052
0.7600 0.621239
0.7700 0.627436
0.7800 0.633643
0.7900 0.639859
0.8000 0.646085
0.8100 0.652321
0.8200 0.658568
0.8300 0.664825
0.8400 0.671092
0.8500 0.677371
0.8600 0.683661
0.8700 0.689962
0.8800 0.696275
0.8900 0.702599
0.9000 0.708936
0.9100 0.715284
0.9200 0.721644
0.9300 0.728017
0.9400 0.734402
0.9500 0.740799
0.9600 0.747209
0.9700 0.753633
0.9800 0.760069
0.9900 0.766518
1.0000 0.772980
1.0100 0.779455
1.0200 0.785944
1.0300 0.792447
1.0400 0.798963
1.0500 0.805493
1.0600 0.812037
1.0700 0.818594
1.0800 0.825166
1.0900 0.831752
1.1000 0.838352
1.1100 0.844966
1.1200 0.851595
1.1300 0.858238
1.1400 0.864895
1.1500 0.871568
1.1600 0.878255
1.1700 0.884956
1.1800 0.891673
1.1900 0.898404
1.2000 0.905151
1.2100 0.911912
1.2200 0.918689
1.2300 0.925481
1.2400 0.932288
1.2500 0.939110
1.2600 0.945948
1.2700 0.952801
1.2800 0.959670
1.2900 0.966554
1.3000 0.973454
1.3100 0.980369
1.3200 0.987300
1.3300 0.994247
1.3400 1.00121
1.3500 1.00819
1.3600 1.01518
1.3700 1.02219
1.3800 1.02922
1.3900 1.03626
1.4000 1.04332
1.4100 1.05039
1.4200 1.05748
1.4300 1.06459
1.4400 1.07171
1.4500 1.07885
1.4600 1.08601
1.4700 1.09318
1.4800 1.10037
1.4900 1.10757
1.5000 1.11480
1.5100 1.12203
1.5200 1.12929
1.5300 1.13656
1.5400 1.14385
1.5500 1.15115
1.5600 1.15847
1.5700 1.16581
1.5800 1.17316
1.5900 1.18053
1.6000 1.18792
1.6100 1.19532
1.6200 1.20274
1.6300 1.21018
1.6400 1.21764
1.6500 1.22511
1.6600 1.23260
1.6700 1.24010
1.6800 1.24762
1.6900 1.25516
1.7000 1.26272
1.7100 1.27029
1.7200 1.27788
1.7300 1.28549
1.7400 1.29312
1.7500 1.30076
1.7600 1.30842
1.7700 1.31609
1.7800 1.32379
1.7900 1.33150
1.8000 1.33923
1.8100 1.34697
1.8200 1.35473
1.8300 1.36251
1.8400 1.37031
1.8500 1.37812
1.8600 1.38596
1.8700 1.39381
1.8800 1.40167
1.8900 1.40956
1.9000 1.41746
1.9100 1.42538
1.9200 1.43331
1.9300 1.44126
1.9400 1.44924
1.9500 1.45722
1.9600 1.46523
1.9700 1.47325
1.9800 1.48129
1.9900 1.48935
2.0000 1.49743
2.0100 1.50552
2.0200 1.51363
2.0300 1.52176
2.0400 1.52991
2.0500 1.53807
2.0600 1.54625
2.0700 1.55445
2.0800 1.56267
2.0900 1.57090
2.1000 1.57916
2.1100 1.58743
2.1200 1.59571
2.1300 1.60402
2.1400 1.61234
2.1500 1.62068
2.1600 1.62904
2.1700 1.63742
2.1800 1.64581
2.1900 1.65422
2.2000 1.66265
2.2100 1.67110
2.2200 1.67957
2.2300 1.68805
2.2400 1.69655
2.2500 1.70507
2.2600 1.71361
2.2700 1.72216
2.2800 1.73073
2.2900 1.73932
2.3000 1.74793
2.3100 1.75656
2.3200 1.76520
2.3300 1.77386
2.3400 1.78254
2.3500 1.79124
2.3600 1.79995
2.3700 1.80869
2.3800 1.81744
2.3900 1.82621
2.4000 1.83500
2.4100 1.84380
2.4200 1.85262
2.4300 1.86146
2.4400 1.87032
2.4500 1.87920
2.4600 1.88810
2.4700 1.89701
2.4800 1.90594
2.4900 1.91489
2.5000 1.92386
2.5100 1.93284
2.5200 1.94184
2.5300 1.95086
2.5400 1.95990
2.5500 1.96896
2.5600 1.97804
2.5700 1.98713
2.5800 1.99624
2.5900 2.00537
2.6000 2.01452
2.6100 2.02368
2.6200 2.03287
2.6300 2.04207
2.6400 2.05129
2.6500 2.06053
2.6600 2.06978
2.6700 2.07905
2.6800 2.08835
2.6900 2.09766
2.7000 2.10699
2.7100 2.11633
2.7200 2.12570
2.7300 2.13508
2.7400 2.14448
2.7500 2.15390
2.7600 2.16334
2.7700 2.17279
2.7800 2.18226
2.7900 2.19176
2.8000 2.20127
2.8100 2.21079
2.8200 2.22034
2.8300 2.22990
2.8400 2.23949
2.8500 2.24909
2.8600 2.25870
2.8700 2.26834
2.8800 2.27800
2.8900 2.28767
2.9000 2.29736
2.9100 2.30707
2.9200 2.31680
2.9300 2.32654
2.9400 2.33631
2.9500 2.34609
2.9600 2.35589
2.9700 2.36571
2.9800 2.37555
2.9900 2.38540
3.0000 2.39527
3.0100 2.40517
3.0200 2.41508
3.0300 2.42500
3.0400 2.43495
3.0500 2.44491
3.0600 2.45490
3.0700 2.46490
3.0800 2.47492
3.0900 2.48495
3.1000 2.49501
3.1100 2.50508
3.1200 2.51517
3.1300 2.52528
3.1400 2.53541
3.1500 2.54556
3.1600 2.55572
3.1700 2.56591
3.1800 2.57611
3.1900 2.58633
3.2000 2.59657
3.2100 2.60682
3.2200 2.61710
3.2300 2.62739
3.2400 2.63770
3.2500 2.64803
3.2600 2.65838
3.2700 2.66874
3.2800 2.67913
3.2900 2.68953
3.3000 2.69995
3.3100 2.71039
3.3200 2.72084
3.3300 2.73132
3.3400 2.74181
3.3500 2.75232
3.3600 2.76285
3.3700 2.77340
3.3800 2.78397
3.3900 2.79455
3.4000 2.80516
3.4100 2.81578
3.4200 2.82642
3.4300 2.83707
3.4400 2.84775
3.4500 2.85844
3.4600 2.86916
3.4700 2.87989
3.4800 2.89064
3.4900 2.90141
3.5000 2.91219
3.5100 2.92299
3.5200 2.93382
3.5300 2.94466
3.5400 2.95552
3.5500 2.96639
3.5600 2.97729
3.5700 2.98820
3.5800 2.99913
3.5900 3.01008
3.6000 3.02105
3.6100 3.03204
3.6200 3.04304
3.6300 3.05407
3.6400 3.06511
3.6500 3.07617
3.6600 3.08725
3.6700 3.09834
3.6800 3.10946
3.6900 3.12059
3.7000 3.13174
3.7100 3.14291
3.7200 3.15410
3.7300 3.16531
3.7400 3.17653
3.7500 3.18777
3.7600 3.19903
3.7700 3.21031
3.7800 3.22161
3.7900 3.23293
3.8000 3.24426
3.8100 3.25561
3.8200 3.26698
3.8300 3.27837
3.8400 3.28978
3.8500 3.30121
3.8600 3.31265
3.8700 3.32411
3.8800 3.33559
3.8900 3.34709
3.9000 3.35861
3.9100 3.37014
3.9200 3.38170
3.9300 3.39327
3.9400 3.40486
3.9500 3.41647
3.9600 3.42809
3.9700 3.43974
3.9800 3.45140
3.9900 3.46308
4.0000 3.47478
4.0100 3.48650
4.0200 3.49824
4.0300 3.50999
4.0400 3.52176
4.0500 3.53355
4.0600 3.54536
4.0700 3.55719
4.0800 3.56904
4.0900 3.58090
4.1000 3.59278
4.1100 3.60468
4.1200 3.61660
4.1300 3.62854
4.1400 3.64049
4.1500 3.65247
4.1600 3.66446
4.1700 3.67647
4.1800 3.68850
4.1900 3.70055
4.2000 3.71261
4.2100 3.72469
4.2200 3.73680
4.2300 3.74891
4.2400 3.76105
4.2500 3.77321
4.2600 3.78538
4.2700 3.79758
4.2800 3.80979
4.2900 3.82202
4.3000 3.83426
4.3100 3.84653
4.3200 3.85881
4.3300 3.87112
4.3400 3.88344
4.3500 3.89578
4.3600 3.90813
4.3700 3.92051
4.3800 3.93290
4.3900 3.94531
4.4000 3.95774
4.4100 3.97019
4.4200 3.98266
4.4300 3.99514
4.4400 4.00764
4.4500 4.02017
4.4600 4.03271
4.4700 4.04526
4.4800 4.05784
4.4900 4.07043
4.5000 4.08305
4.5100 4.09568
4.5200 4.10832
4.5300 4.12099
4.5400 4.13368
4.5500 4.14638
4.5600 4.15910
4.5700 4.17184
4.5800 4.18460
4.5900 4.19738
4.6000 4.21017
4.6100 4.22298
4.6200 4.23581
4.6300 4.24866
4.6400 4.26153
4.6500 4.27442
4.6600 4.28732
4.6700 4.30024
4.6800 4.31318
4.6900 4.32614
4.7000 4.33912
4.7100 4.35211
4.7200 4.36513
4.7300 4.37816
4.7400 4.39121
4.7500 4.40427
4.7600 4.41736
4.7700 4.43046
4.7800 4.44359
4.7900 4.45673
4.8000 4.46988
4.8100 4.48306
4.8200 4.49626
4.8300 4.50947
4.8400 4.52270
4.8500 4.53595
4.8600 4.54922
4.8700 4.56250
4.8800 4.57581
4.8900 4.58913
4.9000 4.60247
4.9100 4.61583
4.9200 4.62921
4.9300 4.64260
4.9400 4.65601
4.9500 4.66945
4.9600 4.68289
4.9700 4.69636
4.9800 4.70985
4.9900 4.72335
5.0000 4.73687
5.0100 4.75041
5.0200 4.76397
5.0300 4.77755
5.0400 4.79114
5.0500 4.80476
5.0600 4.81839
5.0700 4.83204
5.0800 4.84570
5.0900 4.85939
5.1000 4.87309
5.1100 4.88681
5.1200 4.90055
5.1300 4.91431
5.1400 4.92809
5.1500 4.94188
5.1600 4.95570
5.1700 4.96953
5.1800 4.98337
5.1900 4.99724
5.2000 5.01113
5.2100 5.02503
5.2200 5.03895
5.2300 5.05289
5.2400 5.06685
5.2500 5.08082
5.2600 5.09482
5.2700 5.10883
5.2800 5.12286
5.2900 5.13691
5.3000 5.15097
5.3100 5.16506
5.3200 5.17916
5.3300 5.19328
5.3400 5.20742
5.3500 5.22158
5.3600 5.23575
5.3700 5.24994
5.3800 5.26415
5.3900 5.27838
5.4000 5.29263
5.4100 5.30690
5.4200 5.32118
5.4300 5.33548
5.4400 5.34980
5.4500 5.36414
5.4600 5.37849
5.4700 5.39287
5.4800 5.40726
5.4900 5.42167
5.5000 5.43610
5.5100 5.45054
5.5200 5.46501
5.5300 5.47949
5.5400 5.49399
5.5500 5.50851
5.5600 5.52304
5.5700 5.53760
5.5800 5.55217
5.5900 5.56676
5.6000 5.58137
5.6100 5.59600
5.6200 5.61064
5.6300 5.62530
5.6400 5.63998
5.6500 5.65468
5.6600 5.66940
5.6700 5.68414
5.6800 5.69889
5.6900 5.71366
5.7000 5.72845
5.7100 5.74326
5.7200 5.75808
5.7300 5.77292
5.7400 5.78778
5.7500 5.80266
5.7600 5.81756
5.7700 5.83248
5.7800 5.84741
5.7900 5.86236
5.8000 5.87733
5.8100 5.89232
5.8200 5.90732
5.8300 5.92235
5.8400 5.93739
5.8500 5.95245
5.8600 5.96752
5.8700 5.98262
5.8800 5.99773
5.8900 6.01286
5.9000 6.02801
5.9100 6.04318
5.9200 6.05837
5.9300 6.07357
5.9400 6.08879
5.9500 6.10403
5.9600 6.11929
5.9700 6.13456
5.9800 6.14986
5.9900 6.16517
6.0000 6.18050
6.0100 6.19584
6.0200 6.21121
6.0300 6.22659
6.0400 6.24199
6.0500 6.25741
6.0600 6.27285
6.0700 6.28831
6.0800 6.30378
6.0900 6.31927
6.1000 6.33478
6.1100 6.35031
6.1200 6.36585
6.1300 6.38141
6.1400 6.39699
6.1500 6.41259
6.1600 6.42821
6.1700 6.44384
6.1800 6.45950
6.1900 6.47517
6.2000 6.49085
6.2100 6.50656
6.2200 6.52229
6.2300 6.53803
6.2400 6.55379
6.2500 6.56957
6.2600 6.58536
6.2700 6.60118
6.2800 6.61701
6.2900 6.63286
6.3000 6.64872
6.3100 6.66461
6.3200 6.68051
6.3300 6.69644
6.3400 6.71237
6.3500 6.72833
6.3600 6.74431
6.3700 6.76030
6.3800 6.77631
6.3900 6.79234
6.4000 6.80839
6.4100 6.82445
6.4200 6.84053
6.4300 6.85663
6.4400 6.87275
6.4500 6.88889
6.4600 6.90504
6.4700 6.92121
6.4800 6.93740
6.4900 6.95361
6.5000 6.96984
6.5100 6.98608
6.5200 7.00234
6.5300 7.01862
6.5400 7.03492
6.5500 7.05123
6.5600 7.06757
6.5700 7.08392
6.5800 7.10028
6.5900 7.11667
6.6000 7.13307
6.6100 7.14950
6.6200 7.16594
6.6300 7.18239
6.6400 7.19887
6.6500 7.21536
6.6600 7.23187
6.6700 7.24840
6.6800 7.26495
6.6900 7.28152
6.7000 7.29810
6.7100 7.31470
6.7200 7.33132
6.7300 7.34795
6.7400 7.36461
6.7500 7.38128
6.7600 7.39797
6.7700 7.41467
6.7800 7.43140
6.7900 7.44814
6.8000 7.46490
6.8100 7.48168
6.8200 7.49848
6.8300 7.51529
6.8400 7.53212
6.8500 7.54897
6.8600 7.56584
6.8700 7.58273
6.8800 7.59963
6.8900 7.61655
6.9000 7.63349
6.9100 7.65045
6.9200 7.66742
6.9300 7.68441
6.9400 7.70142
6.9500 7.71845
6.9600 7.73550
6.9700 7.75256
6.9800 7.76964
6.9900 7.78674
7.0000 7.80386
7.0100 7.82099
7.0200 7.83814
7.0300 7.85531
7.0400 7.87250
7.0500 7.88970
7.0600 7.90693
7.0700 7.92417
7.0800 7.94143
7.0900 7.95870
7.1000 7.97600
7.1100 7.99331
7.1200 8.01064
7.1300 8.02798
7.1400 8.04535
7.1500 8.06273
7.1600 8.08013
7.1700 8.09755
7.1800 8.11499
7.1900 8.13244
7.2000 8.14991
7.2100 8.16740
7.2200 8.18491
7.2300 8.20243
7.2400 8.21997
7.2500 8.23753
7.2600 8.25511
7.2700 8.27271
7.2800 8.29032
7.2900 8.30795
7.3000 8.32560
7.3100 8.34327
7.3200 8.36095
7.3300 8.37865
7.3400 8.39637
7.3500 8.41411
7.3600 8.43186
7.3700 8.44963
7.3800 8.46742
7.3900 8.48523
7.4000 8.50306
7.4100 8.52090
7.4200 8.53876
7.4300 8.55664
7.4400 8.57453
7.4500 8.59245
7.4600 8.61038
7.4700 8.62833
7.4800 8.64629
7.4900 8.66428
7.5000 8.68228
7.5100 8.70030
7.5200 8.71834
7.5300 8.73639
7.5400 8.75447
7.5500 8.77256
7.5600 8.79066
7.5700 8.80879
7.5800 8.82693
7.5900 8.84509
7.6000 8.86327
7.6100 8.88147
7.6200 8.89968
7.6300 8.91791
7.6400 8.93616
7.6500 8.95443
7.6600 8.97271
7.6700 8.99101
7.6800 9.00933
7.6900 9.02767
7.7000 9.04602
7.7100 9.06440
7.7200 9.08279
7.7300 9.10119
7.7400 9.11962
7.7500 9.13806
7.7600 9.15652
7.7700 9.17500
7.7800 9.19349
7.7900 9.21201
7.8000 9.23054
7.8100 9.24908
7.8200 9.26765
7.8300 9.28623
7.8400 9.30483
7.8500 9.32345
7.8600 9.34209
7.8700 9.36074
7.8800 9.37941
7.8900 9.39810
7.9000 9.41681
7.9100 9.43553
7.9200 9.45427
7.9300 9.47303
7.9400 9.49181
7.9500 9.51060
7.9600 9.52941
7.9700 9.54824
7.9800 9.56709
7.9900 9.58595
8.0000 9.60484
8.0100 9.62374
8.0200 9.64265
8.0300 9.66159
8.0400 9.68054
8.0500 9.69951
8.0600 9.71850
8.0700 9.73750
8.0800 9.75652
8.0900 9.77556
8.1000 9.79462
8.1100 9.81369
8.1200 9.83279
8.1300 9.85189
8.1400 9.87102
8.1500 9.89017
8.1600 9.90933
8.1700 9.92851
8.1800 9.94771
8.1900 9.96692
8.2000 9.98615
8.2100 10.0054
8.2200 10.0247
8.2300 10.0440
8.2400 10.0633
8.2500 10.0826
8.2600 10.1019
8.2700 10.1213
8.2800 10.1406
8.2900 10.1600
8.3000 10.1794
8.3100 10.1989
8.3200 10.2183
8.3300 10.2378
8.3400 10.2572
8.3500 10.2767
8.3600 10.2962
8.3700 10.3158
8.3800 10.3353
8.3900 10.3549
8.4000 10.3745
8.4100 10.3941
8.4200 10.4137
8.4300 10.4333
8.4400 10.4530
8.4500 10.4726
8.4600 10.4923
8.4700 10.5120
8.4800 10.5317
8.4900 10.5515
8.5000 10.5712
8.5100 10.5910
8.5200 10.6108
8.5300 10.6306
8.5400 10.6504
8.5500 10.6703
8.5600 10.6901
8.5700 10.7100
8.5800 10.7299
8.5900 10.7498
8.6000 10.7698
8.6100 10.7897
8.6200 10.8097
8.6300 10.8297
8.6400 10.8497
8.6500 10.8697
8.6600 10.8897
8.6700 10.9098
8.6800 10.9298
8.6900 10.9499
8.7000 10.9700
8.7100 10.9901
8.7200 11.0103
8.7300 11.0304
8.7400 11.0506
8.7500 11.0708
8.7600 11.0910
8.7700 11.1112
8.7800 11.1315
8.7900 11.1517
8.8000 11.1720
8.8100 11.1923
8.8200 11.2126
8.8300 11.2330
8.8400 11.2533
8.8500 11.2737
8.8600 11.2940
8.8700 11.3144
8.8800 11.3349
8.8900 11.3553
8.9000 11.3757
8.9100 11.3962
8.9200 11.4167
8.9300 11.4372
8.9400 11.4577
8.9500 11.4783
8.9600 11.4988
8.9700 11.5194
8.9800 11.5400
8.9900 11.5606
9.0000 11.5812
9.0100 11.6019
9.0200 11.6225
9.0300 11.6432
9.0400 11.6639
9.0500 11.6846
9.0600 11.7053
9.0700 11.7261
9.0800 11.7468
9.0900 11.7676
9.1000 11.7884
9.1100 11.8092
9.1200 11.8301
9.1300 11.8509
9.1400 11.8718
9.1500 11.8927
9.1600 11.9136
9.1700 11.9345
9.1800 11.9554
9.1900 11.9764
9.2000 11.9973
9.2100 12.0183
9.2200 12.0393
9.2300 12.0603
9.2400 12.0814
9.2500 12.1024
9.2600 12.1235
9.2700 12.1446
9.2800 12.1657
9.2900 12.1868
9.3000 12.2080
9.3100 12.2291
9.3200 12.2503
9.3300 12.2715
9.3400 12.2927
9.3500 12.3140
9.3600 12.3352
9.3700 12.3565
9.3800 12.3778
9.3900 12.3990
9.4000 12.4204
9.4100 12.4417
9.4200 12.4630
9.4300 12.4844
9.4400 12.5058
9.4500 12.5272
9.4600 12.5486
9.4700 12.5701
9.4800 12.5915
9.4900 12.6130
9.5000 12.6345
9.5100 12.6560
9.5200 12.6775
9.5300 12.6990
9.5400 12.7206
9.5500 12.7422
9.5600 12.7637
9.5700 12.7854
9.5800 12.8070
9.5900 12.8286
9.6000 12.8503
9.6100 12.8720
9.6200 12.8937
9.6300 12.9154
9.6400 12.9371
9.6500 12.9588
9.6600 12.9806
9.6700 13.0024
9.6800 13.0242
9.6900 13.0460
9.7000 13.0678
9.7100 13.0897
9.7200 13.1115
9.7300 13.1334
9.7400 13.1553
9.7500 13.1772
9.7600 13.1992
9.7700 13.2211
9.7800 13.2431
9.7900 13.2651
9.8000 13.2871
9.8100 13.3091
9.8200 13.3311
9.8300 13.3532
9.8400 13.3753
9.8500 13.3973
9.8600 13.4194
9.8700 13.4416
9.8800 13.4637
9.8900 13.4859
9.9000 13.5080
9.9100 13.5302
9.9200 13.5524
9.9300 13.5747
9.9400 13.5969
9.9500 13.6192
9.9600 13.6414
9.9700 13.6637
9.9800 13.6860
9.9900 13.7084
10.0000 13.7307
10.0100 13.7531
10.0200 13.7755
10.0300 13.7979
10.0400 13.8203
10.0500 13.8427
10.0600 13.8651
10.0700 13.8876
10.0800 13.9101
10.0900 13.9326
10.1000 13.9551
10.1100 13.9776
10.1200 14.0002
10.1300 14.0228
10.1400 14.0453
10.1500 14.0679
10.1600 14.0906
10.1700 14.1132
10.1800 14.1358
10.1900 14.1585
10.2000 14.1812
10.2100 14.2039
10.2200 14.2266
10.2300 14.2494
10.2400 14.2721
10.2500 14.2949
10.2600 14.3177
10.2700 14.3405
10.2800 14.3633
10.2900 14.3861
10.3000 14.4090
10.3100 14.4319
10.3200 14.4548
10.3300 14.4777
10.3400 14.5006
10.3500 14.5235
10.3600 14.5465
10.3700 14.5695
10.3800 14.5925
10.3900 14.6155
10.4000 14.6385
10.4100 14.6615
10.4200 14.6846
10.4300 14.7077
10.4400 14.7308
10.4500 14.7539
10.4600 14.7770
10.4700 14.8002
10.4800 14.8233
10.4900 14.8465
10.5000 14.8697
10.5100 14.8929
10.5200 14.9161
10.5300 14.9394
10.5400 14.9627
10.5500 14.9859
10.5600 15.0092
10.5700 15.0325
10.5800 15.0559
10.5900 15.0792
10.6000 15.1026
10.6100 15.1260
10.6200 15.1494
10.6300 15.1728
10.6400 15.1962
10.6500 15.2197
10.6600 15.2431
10.6700 15.2666
10.6800 15.2901
10.6900 15.3137
10.7000 15.3372
10.7100 15.3607
10.7200 15.3843
10.7300 15.4079
10.7400 15.4315
10.7500 15.4551
10.7600 15.4788
10.7700 15.5024
10.7800 15.5261
10.7900 15.5498
10.8000 15.5735
10.8100 15.5972
10.8200 15.6209
10.8300 15.6447
10.8400 15.6685
10.8500 15.6923
10.8600 15.7161
10.8700 15.7399
10.8800 15.7637
10.8900 15.7876
10.9000 15.8115
10.9100 15.8353
10.9200 15.8593
10.9300 15.8832
10.9400 15.9071
10.9500 15.9311
10.9600 15.9551
10.9700 15.9790
10.9800 16.0031
10.9900 16.0271
11.0000 16.0511
11.0100 16.0752
11.0200 16.0993
11.0300 16.1234
11.0400 16.1475
11.0500 16.1716
11.0600 16.1957
11.0700 16.2199
11.0800 16.2441
11.0900 16.2683
11.1000 16.2925
11.1100 16.3167
11.1200 16.3409
11.1300 16.3652
11.1400 16.3895
11.1500 16.4138
11.1600 16.4381
11.1700 16.4624
11.1800 16.4868
11.1900 16.5111
11.2000 16.5355
11.2100 16.5599
11.2200 16.5843
11.2300 16.6088
11.2400 16.6332
11.2500 16.6577
11.2600 16.6821
11.2700 16.7066
11.2800 16.7312
11.2900 16.7557
11.3000 16.7802
11.3100 16.8048
11.3200 16.8294
11.3300 16.8540
11.3400 16.8786
11.3500 16.9032
11.3600 16.9279
11.3700 16.9525
11.3800 16.9772
11.3900 17.0019
11.4000 17.0266
11.4100 17.0514
11.4200 17.0761
11.4300 17.1009
11.4400 17.1257
11.4500 17.1505
11.4600 17.1753
11.4700 17.2001
11.4800 17.2250
11.4900 17.2498
11.5000 17.2747
11.5100 17.2996
11.5200 17.3245
11.5300 17.3495
11.5400 17.3744
11.5500 17.3994
11.5600 17.4244
11.5700 17.4494
11.5800 17.4744
11.5900 17.4994
11.6000 17.5245
11.6100 17.5495
11.6200 17.5746
11.6300 17.5997
11.6400 17.6249
11.6500 17.6500
11.6600 17.6751
11.6700 17.7003
11.6800 17.7255
11.6900 17.7507
11.7000 17.7759
11.7100 17.8011
11.7200 17.8264
11.7300 17.8517
11.7400 17.8770
11.7500 17.9023
11.7600 17.9276
11.7700 17.9529
11.7800 17.9783
11.7900 18.0036
11.8000 18.0290
11.8100 18.0544
11.8200 18.0798
11.8300 18.1053
11.8400 18.1307
11.8500 18.1562
11.8600 18.1817
11.8700 18.2072
11.8800 18.2327
11.8900 18.2582
11.9000 18.2838
11.9100 18.3094
11.9200 18.3349
11.9300 18.3605
11.9400 18.3862
11.9500 18.4118
11.9600 18.4375
11.9700 18.4631
11.9800 18.4888
11.9900 18.5145
12.0000 18.5402
12.0100 18.5660
12.0200 18.5917
12.0300 18.6175
12.0400 18.6433
12.0500 18.6691
12.0600 18.6949
12.0700 18.7207
12.0800 18.7466
12.0900 18.7725
12.1000 18.7983
12.1100 18.8242
12.1200 18.8502
12.1300 18.8761
12.1400 18.9020
12.1500 18.9280
12.1600 18.9540
12.1700 18.9800
12.1800 19.0060
12.1900 19.0321
12.2000 19.0581
12.2100 19.0842
12.2200 19.1103
12.2300 19.1364
12.2400 19.1625
12.2500 19.1886
12.2600 19.2148
12.2700 19.2409
12.2800 19.2671
12.2900 19.2933
12.3000 19.3195
12.3100 19.3458
12.3200 19.3720
12.3300 19.3983
12.3400 19.4246
12.3500 19.4509
12.3600 19.4772
12.3700 19.5035
12.3800 19.5299
12.3900 19.5563
12.4000 19.5826
12.4100 19.6090
12.4200 19.6355
12.4300 19.6619
12.4400 19.6883
12.4500 19.7148
12.4600 19.7413
12.4700 19.7678
12.4800 19.7943
12.4900 19.8208
12.5000 19.8474
12.5100 19.8740
12.5200 19.9005
12.5300 19.9271
12.5400 19.9538
12.5500 19.9804
12.5600 20.0070
12.5700 20.0337
12.5800 20.0604
12.5900 20.0871
12.6000 20.1138
12.6100 20.1405
12.6200 20.1673
12.6300 20.1940
12.6400 20.2208
12.6500 20.2476
12.6600 20.2744
12.6700 20.3013
12.6800 20.3281
12.6900 20.3550
12.7000 20.3819
12.7100 20.4087
12.7200 20.4357
12.7300 20.4626
12.7400 20.4895
12.7500 20.5165
12.7600 20.5435
12.7700 20.5705
12.7800 20.5975
12.7900 20.6245
12.8000 20.6516
12.8100 20.6786
12.8200 20.7057
12.8300 20.7328
12.8400 20.7599
12.8500 20.7870
12.8600 20.8142
12.8700 20.8413
12.8800 20.8685
12.8900 20.8957
12.9000 20.9229
12.9100 20.9501
12.9200 20.9774
12.9300 21.0046
12.9400 21.0319
12.9500 21.0592
12.9600 21.0865
12.9700 21.1139
12.9800 21.1412
12.9900 21.1686
13.0000 21.1959
13.0100 21.2233
13.0200 21.2507
13.0300 21.2781
13.0400 21.3056
13.0500 21.3330
13.0600 21.3605
13.0700 21.3880
13.0800 21.4155
13.0900 21.4430
13.1000 21.4706
13.1100 21.4981
13.1200 21.5257
13.1300 21.5533
13.1400 21.5809
13.1500 21.6085
13.1600 21.6362
13.1700 21.6638
13.1800 21.6915
13.1900 21.7192
13.2000 21.7469
13.2100 21.7746
13.2200 21.8023
13.2300 21.8301
13.2400 21.8579
13.2500 21.8856
13.2600 21.9134
13.2700 21.9413
13.2800 21.9691
13.2900 21.9969
13.3000 22.0248
13.3100 22.0527
13.3200 22.0806
13.3300 22.1085
13.3400 22.1364
13.3500 22.1644
13.3600 22.1924
13.3700 22.2203
13.3800 22.2483
13.3900 22.2764
13.4000 22.3044
13.4100 22.3324
13.4200 22.3605
13.4300 22.3886
13.4400 22.4167
13.4500 22.4448
13.4600 22.4729
13.4700 22.5011
13.4800 22.5292
13.4900 22.5574
13.5000 22.5856
13.5100 22.6138
13.5200 22.6420
13.5300 22.6703
13.5400 22.6985
13.5500 22.7268
13.5600 22.7551
13.5700 22.7834
13.5800 22.8117
13.5900 22.8401
13.6000 22.8684
13.6100 22.8968
13.6200 22.9252
13.6300 22.9536
13.6400 22.9820
13.6500 23.0105
13.6600 23.0389
13.6700 23.0674
13.6800 23.0959
13.6900 23.1244
13.7000 23.1529
13.7100 23.1815
13.7200 23.2100
13.7300 23.2386
13.7400 23.2672
13.7500 23.2958
13.7600 23.3244
13.7700 23.3530
13.7800 23.3817
13.7900 23.4104
13.8000 23.4390
13.8100 23.4677
13.8200 23.4965
13.8300 23.5252
13.8400 23.5539
13.8500 23.5827
13.8600 23.6115
13.8700 23.6403
13.8800 23.6691
13.8900 23.6979
13.9000 23.7268
13.9100 23.7556
13.9200 23.7845
13.9300 23.8134
13.9400 23.8423
13.9500 23.8713
13.9600 23.9002
13.9700 23.9292
13.9800 23.9581
13.9900 23.9871
14.0000 24.0162
14.0100 24.0452
14.0200 24.0742
14.0300 24.1033
14.0400 24.1324
14.0500 24.1614
14.0600 24.1906
14.0700 24.2197
14.0800 24.2488
14.0900 24.2780
14.1000 24.3071
14.1100 24.3363
14.1200 24.3655
14.1300 24.3948
14.1400 24.4240
14.1500 24.4533
14.1600 24.4825
14.1700 24.5118
14.1800 24.5411
14.1900 24.5704
14.2000 24.5998
14.2100 24.6291
14.2200 24.6585
14.2300 24.6879
14.2400 24.7173
14.2500 24.7467
14.2600 24.7761
14.2700 24.8056
14.2800 24.8350
14.2900 24.8645
14.3000 24.8940
14.3100 24.9235
14.3200 24.9530
14.3300 24.9826
14.3400 25.0122
14.3500 25.0417
14.3600 25.0713
14.3700 25.1009
14.3800 25.1306
14.3900 25.1602
14.4000 25.1899
14.4100 25.2195
14.4200 25.2492
14.4300 25.2789
14.4400 25.3087
14.4500 25.3384
14.4600 25.3682
14.4700 25.3979
14.4800 25.4277
14.4900 25.4575
14.5000 25.4873
14.5100 25.5172
14.5200 25.5470
14.5300 25.5769
14.5400 25.6068
14.5500 25.6367
14.5600 25.6666
14.5700 25.6965
14.5800 25.7265
14.5900 25.7565
14.6000 25.7864
14.6100 25.8164
14.6200 25.8464
14.6300 25.8765
14.6400 25.9065
14.6500 25.9366
14.6600 25.9667
14.6700 25.9968
14.6800 26.0269
14.6900 26.0570
14.7000 26.0871
14.7100 26.1173
14.7200 26.1475
14.7300 26.1777
14.7400 26.2079
14.7500 26.2381
14.7600 26.2683
14.7700 26.2986
14.7800 26.3289
14.7900 26.3592
14.8000 26.3895
14.8100 26.4198
14.8200 26.4501
14.8300 26.4805
14.8400 26.5108
14.8500 26.5412
14.8600 26.5716
14.8700 26.6020
14.8800 26.6325
14.8900 26.6629
14.9000 26.6934
14.9100 26.7239
14.9200 26.7544
14.9300 26.7849
14.9400 26.8154
14.9500 26.8460
14.9600 26.8765
14.9700 26.9071
14.9800 26.9377
14.9900 26.9683
15.0000 26.9989
