0.5000 0.462366
0.5100 0.468444
0.5200 0.474520
0.5300 0.480595
0.5400 0.486669
0.5500 0.492743
0.5600 0.498818
0.5700 0.504895
0.5800 0.510973
0.5900 0.517054
0.6000 0.523137
0.6100 0.529225
0.6200 0.535316
0.6300 0.541412
0.6400 0.547512
0.6500 0.553618
0.6600 0.559730
0.6700 0.565848
0.6800 0.571972
0.6900 0.578103
0.7000 0.584242
0.7100 0.590387
0.7200 0.596541
0.7300 0.602703
0.7400 0.608873
0.7500 0.615052
0.7600 0.621239
0.7700 0.627436
0.7800 0.633643
0.7900 0.639859
0.8000 0.646085
0.8100 0.652321
0.8200 0.658568
0.8300 0.664825
0.8400 0.671092
0.8500 0.677371
0.8600 0.683661
0.8700 0.689962
0.8800 0.696275
0.8900 0.702599
0.9000 0.708936
0.9100 0.715284
0.9200 0.721644
0.9300 0.728017
0.9400 0.734402
0.9500 0.740799
0.9600 0.747209
0.9700 0.753633
0.9800 0.760069
0.9900 0.766518
1.0000 0.772980
1.0100 0.779455
1.0200 0.785944
1.0300 0.792447
1.0400 0.798963
1.0500 0.805493
1.0600 0.812037
1.0700 0.818594
1.0800 0.825166
1.0900 0.831752
1.1000 0.838352
1.1100 0.844966
1.1200 0.851595
1.1300 0.858238
1.1400 0.864895
1.1500 0.871568
1.1600 0.878255
1.1700 0.884956
1.1800 0.891673
1.1900 0.898404
1.2000 0.905151
1.2100 0.911912
1.2200 0.918689
1.2300 0.925481
1.2400 0.932288
1.2500 0.939110
1.2600 0.945948
1.2700 0.952801
1.2800 0.959670
1.2900 0.966554
1.3000 0.973454
1.3100 0.980369
1.3200 0.987300
1.3300 0.994247
1.3400 1.00121
1.3500 1.00819
1.3600 1.01518
1.3700 1.02219
1.3800 1.02922
1.3900 1.03626
1.4000 1.04332
1.4100 1.05039
1.4200 1.05748
1.4300 1.06459
1.4400 1.07171
1.4500 1.07885
1.4600 1.08601
1.4700 1.09318
1.4800 1.10037
1.4900 1.10757
1.5000 1.11480
1.5100 1.12203
1.5200 1.12929
1.5300 1.13656
1.5400 1.14385
1.5500 1.15115
1.5600 1.15847
1.5700 1.16581
1.5800 1.17316
1.5900 1.18053
1.6000 1.18792
1.6100 1.19532
1.6200 1.20274
1.6300 1.21018
1.6400 1.21764
1.6500 1.22511
1.6600 1.23260
1.6700 1.24010
1.6800 1.24762
1.6900 1.25516
1.7000 1.26272
1.7100 1.27029
1.7200 1.27788
1.7300 1.28549
1.7400 1.29312
1.7500 1.30076
1.7600 1.30842
1.7700 1.31609
1.7800 1.32379
1.7900 1.33150
1.8000 1.33923
1.8100 1.34697
1.8200 1.35473
1.8300 1.36251
1.8400 1.37031
1.8500 1.37812
1.8600 1.38596
1.8700 1.39381
1.8800 1.40167
1.8900 1.40956
1.9000 1.41746
1.9100 1.42538
1.9200 1.43331
1.9300 1.44126
1.9400 1.44924
1.9500 1.45722
1.9600 1.46523
1.9700 1.47325
1.9800 1.48129
1.9900 1.48935
2.0000 1.49743
2.0100 1.50552
2.0200 1.51363
2.0300 1.52176
2.0400 1.52991
2.0500 1.53807
2.0600 1.54625
2.0700 1.55445
2.0800 1.56267
2.0900 1.57090
2.1000 1.57916
2.1100 1.58743
2.1200 1.59571
2.1300 1.60402
2.1400 1.61234
2.1500 1.62068
2.1600 1.62904
2.1700 1.63742
2.1800 1.64581
2.1900 1.65422
2.2000 1.66265
2.2100 1.67110
2.2200 1.67957
2.2300 1.68805
2.2400 1.69655
2.2500 1.70507
2.2600 1.71361
2.2700 1.72216
2.2800 1.73073
2.2900 1.73932
2.3000 1.74793
2.3100 1.75656
2.3200 1.76520
2.3300 1.77386
2.3400 1.78254
2.3500 1.79124
2.3600 1.79995
2.3700 1.80869
2.3800 1.81744
2.3900 1.82621
2.4000 1.83500
2.4100 1.84380
2.4200 1.85262
2.4300 1.86146
2.4400 1.87032
2.4500 1.87920
2.4600 1.88810
2.4700 1.89701
2.4800 1.90594
2.4900 1.91489
2.5000 1.92386
2.5100 1.93284
2.5200 1.94184
2.5300 1.95086
2.5400 1.95990
2.5500 1.96896
2.5600 1.97804
2.5700 1.98713
2.5800 1.99624
2.5900 2.00537
2.6000 2.01452
2.6100 2.02368
2.6200 2.03287
2.6300 2.04207
2.6400 2.05129
2.6500 2.06053
2.6600 2.06978
2.6700 2.07905
2.6800 2.08835
2.6900 2.09766
2.7000 2.10699
2.7100 2.11633
2.7200 2.12570
2.7300 2.13508
2.7400 2.14448
2.7500 2.15390
2.7600 2.16334
2.7700 2.17279
2.7800 2.18226
2.7900 2.19176
2.8000 2.20127
2.8100 2.21079
2.8200 2.22034
2.8300 2.22990
2.8400 2.23949
2.8500 2.24909
2.8600 2.25870
2.8700 2.26834
2.8800 2.27800
2.8900 2.28767
2.9000 2.29736
2.9100 2.30707
2.9200 2.31680
2.9300 2.32654
2.9400 2.33631
2.9500 2.34609
2.9600 2.35589
2.9700 2.36571
2.9800 2.37555
2.9900 2.38540
3.0000 2.39527
3.0100 2.40517
3.0200 2.41508
3.0300 2.42500
3.0400 2.43495
3.0500 2.44491
3.0600 2.45490
3.0700 2.46490
3.0800 2.47492
3.0900 2.48495
3.1000 2.49501
3.1100 2.50508
3.1200 2.51517
3.1300 2.52528
3.1400 2.53541
3.1500 2.54556
3.1600 2.55572
3.1700 2.56591
3.1800 2.57611
3.1900 2.58633
3.2000 2.59657
3.2100 2.60682
3.2200 2.61710
3.2300 2.62739
3.2400 2.63770
3.2500 2.64803
3.2600 2.65838
3.2700 2.66874
3.2800 2.67913
3.2900 2.68953
3.3000 2.69995
3.3100 2.71039
3.3200 2.72084
3.3300 2.73132
3.3400 2.74181
3.3500 2.75232
3.3600 2.76285
3.3700 2.77340
3.3800 2.78397
3.3900 2.79455
3.4000 2.80516
3.4100 2.81578
3.4200 2.82642
3.4300 2.83707
3.4400 2.84775
3.4500 2.85844
3.4600 2.86916
3.4700 2.87989
3.4800 2.89064
3.4900 2.90141
3.5000 2.91219
3.5100 2.92299
3.5200 2.93382
3.5300 2.94466
3.5400 2.95552
3.5500 2.96639
3.5600 2.97729
3.5700 2.98820
3.5800 2.99913
3.5900 3.01008
3.6000 3.02105
3.6100 3.03204
3.6200 3.04304
3.6300 3.05407
3.6400 3.06511
3.6500 3.07617
3.6600 3.08725
3.6700 3.09834
3.6800 3.10946
3.6900 3.12059
3.7000 3.13174
3.7100 3.14291
3.7200 3.15410
3.7300 3.16531
3.7400 3.17653
3.7500 3.18777
3.7600 3.19903
3.7700 3.21031
3.7800 3.22161
3.7900 3.23293
3.8000 3.24426
3.8100 3.25561
3.8200 3.26698
3.8300 3.27837
3.8400 3.28978
3.8500 3.30121
3.8600 3.31265
3.8700 3.32411
3.8800 3.33559
3.8900 3.34709
3.9000 3.35861
3.9100 3.37014
3.9200 3.38170
3.9300 3.39327
3.9400 3.40486
3.9500 3.41647
3.9600 3.42809
3.9700 3.43974
3.9800 3.45140
3.9900 3.46308
4.0000 3.47478
4.0100 3.48650
4.0200 3.49824
4.0300 3.50999
4.0400 3.52176
4.0500 3.53355
4.0600 3.54536
4.0700 3.55719
4.0800 3.56904
4.0900 3.58090
4.1000 3.59278
4.1100 3.60468
4.1200 3.61660
4.1300 3.62854
4.1400 3.64049
4.1500 3.65247
4.1600 3.66446
4.1700 3.67647
4.1800 3.68850
4.1900 3.70055
4.2000 3.71261
4.2100 3.72469
4.2200 3.73680
4.2300 3.74891
4.2400 3.76105
4.2500 3.77321
4.2600 3.78538
4.2700 3.79758
4.2800 3.80979
4.2900 3.82202
4.3000 3.83426
4.3100 3.84653
4.3200 3.85881
4.3300 3.87112
4.3400 3.88344
4.3500 3.89578
4.3600 3.90813
4.3700 3.92051
4.3800 3.93290
4.3900 3.94531
4.4000 3.95774
4.4100 3.97019
4.4200 3.98266
4.4300 3.99514
4.4400 4.00764
4.4500 4.02017
4.4600 4.03271
4.4700 4.04526
4.4800 4.05784
4.4900 4.07043
4.5000 4.08305
4.5100 4.09568
4.5200 4.10832
4.5300 4.12099
4.5400 4.13368
4.5500 4.14638
4.5600 4.15910
4.5700 4.17184
4.5800 4.18460
4.5900 4.19738
4.6000 4.21017
4.6100 4.22298
4.6200 4.23581
4.6300 4.24866
4.6400 4.26153
4.6500 4.27442
4.6600 4.28732
4.6700 4.30024
4.6800 4.31318
4.6900 4.32614
4.7000 4.33912
4.7100 4.35211
4.7200 4.36513
4.7300 4.37816
4.7400 4.39121
4.7500 4.40427
4.7600 4.41736
4.7700 4.43046
4.7800 4.44359
4.7900 4.45673
4.8000 4.46988
4.8100 4.48306
4.8200 4.49626
4.8300 4.50947
4.8400 4.52270
4.8500 4.53595
4.8600 4.54922
4.8700 4.56250
4.8800 4.57581
4.8900 4.58913
4.9000 4.60247
4.9100 4.61583
4.9200 4.62921
4.9300 4.64260
4.9400 4.65601
4.9500 4.66945
4.9600 4.68289
4.9700 4.69636
4.9800 4.70985
4.9900 4.72335
5.0000 4.73687
5.0100 4.75041
5.0200 4.76397
5.0300 4.77755
5.0400 4.79114
5.0500 4.80476
5.0600 4.81839
5.0700 4.83204
5.0800 4.84570
5.0900 4.85939
5.1000 4.87309
5.1100 4.88681
5.1200 4.90055
5.1300 4.91431
5.1400 4.92809
5.1500 4.94188
5.1600 4.95570
5.1700 4.96953
5.1800 4.98337
5.1900 4.99724
5.2000 5.01113
5.2100 5.02503
5.2200 5.03895
5.2300 5.05289
5.2400 5.06685
5.2500 5.08082
5.2600 5.09482
5.2700 5.10883
5.2800 5.12286
5.2900 5.13691
5.3000 5.15097
5.3100 5.16506
5.3200 5.17916
5.3300 5.19328
5.3400 5.20742
5.3500 5.22158
5.3600 5.23575
5.3700 5.24994
5.3800 5.26415
5.3900 5.27838
5.4000 5.29263
5.4100 5.30690
5.4200 5.32118
5.4300 5.33548
5.4400 5.34980
5.4500 5.36414
5.4600 5.37849
5.4700 5.39287
5.4800 5.40726
5.4900 5.42167
5.5000 5.43610
5.5100 5.45054
5.5200 5.46501
5.5300 5.47949
5.5400 5.49399
5.5500 5.50851
5.5600 5.52304
5.5700 5.53760
5.5800 5.55217
5.5900 5.56676
5.6000 5.58137
5.6100 5.59600
5.6200 5.61064
5.6300 5.62530
5.6400 5.63998
5.6500 5.65468
5.6600 5.66940
5.6700 5.68414
5.6800 5.69889
5.6900 5.71366
5.7000 5.72845
5.7100 5.74326
5.7200 5.75808
5.7300 5.77292
5.7400 5.78778
5.7500 5.80266
5.7600 5.81756
5.7700 5.83248
5.7800 5.84741
5.7900 5.86236
5.8000 5.87733
5.8100 5.89232
5.8200 5.90732
5.8300 5.92235
5.8400 5.93739
5.8500 5.95245
5.8600 5.96752
5.8700 5.98262
5.8800 5.99773
5.8900 6.01286
5.9000 6.02801
5.9100 6.04318
5.9200 6.05837
5.9300 6.07357
5.9400 6.08879
5.9500 6.10403
5.9600 6.11929
5.9700 6.13456
5.9800 6.14986
5.9900 6.16517
6.0000 6.18050
6.0100 6.19584
6.0200 6.21121
6.0300 6.22659
6.0400 6.24199
6.0500 6.25741
6.0600 6.27285
6.0700 6.28831
6.0800 6.30378
6.0900 6.31927
6.1000 6.33478
6.1100 6.35031
6.1200 6.36585
6.1300 6.38141
6.1400 6.39699
6.1500 6.41259
6.1600 6.42821
6.1700 6.44384
6.1800 6.45950
6.1900 6.47517
6.2000 6.49085
6.2100 6.50656
6.2200 6.52229
6.2300 6.53803
6.2400 6.55379
6.2500 6.56957
6.2600 6.58536
6.2700 6.60118
6.2800 6.61701
6.2900 6.63286
6.3000 6.64872
6.3100 6.66461
6.3200 6.68051
6.3300 6.69644
6.3400 6.71237
6.3500 6.72833
6.3600 6.74431
6.3700 6.76030
6.3800 6.77631
6.3900 6.79234
6.4000 6.80839
6.4100 6.82445
6.4200 6.84053
6.4300 6.85663
6.4400 6.87275
6.4500 6.88889
6.4600 6.90504
6.4700 6.92121
6.4800 6.93740
6.4900 6.95361
6.5000 6.96984
6.5100 6.98608
6.5200 7.00234
6.5300 7.01862
6.5400 7.03492
6.5500 7.05123
6.5600 7.06757
6.5700 7.08392
6.5800 7.10028
6.5900 7.11667
6.6000 7.13307
6.6100 7.14950
6.6200 7.16594
6.6300 7.18239
6.6400 7.19887
6.6500 7.21536
6.6600 7.23187
6.6700 7.24840
6.6800 7.26495
6.6900 7.28152
6.7000 7.29810
6.7100 7.31470
6.7200 7.33132
6.7300 7.34795
6.7400 7.36461
6.7500 7.38128
6.7600 7.39797
6.7700 7.41467
6.7800 7.43140
6.7900 7.44814
6.8000 7.46490
6.8100 7.48168
6.8200 7.49848
6.8300 7.51529
6.8400 7.53212
6.8500 7.54897
6.8600 7.56584
6.8700 7.58273
6.8800 7.59963
6.8900 7.61655
6.9000 7.63349
6.9100 7.65045
6.9200 7.66742
6.9300 7.68441
6.9400 7.70142
6.9500 7.71845
6.9600 7.73550
6.9700 7.75256
6.9800 7.76964
6.9900 7.78674
7.0000 7.80386
7.0100 7.82099
7.0200 7.83814
7.0300 7.85531
7.0400 7.87250
7.0500 7.88970
7.0600 7.90693
7.0700 7.92417
7.0800 7.94143
7.0900 7.95870
7.1000 7.97600
7.1100 7.99331
7.1200 8.01064
7.1300 8.02798
7.1400 8.04535
7.1500 8.06273
7.1600 8.08013
7.1700 8.09755
7.1800 8.11499
7.1900 8.13244
7.2000 8.14991
7.2100 8.16740
7.2200 8.18491
7.2300 8.20243
7.2400 8.21997
7.2500 8.23753
7.2600 8.25511
7.2700 8.27271
7.2800 8.29032
7.2900 8.30795
7.3000 8.32560
7.3100 8.34327
7.3200 8.36095
7.3300 8.37865
7.3400 8.39637
7.3500 8.41411
7.3600 8.43186
7.3700 8.44963
7.3800 8.46742
7.3900 8.48523
7.4000 8.50306
7.4100 8.52090
7.4200 8.53876
7.4300 8.55664
7.4400 8.57453
7.4500 8.59245
7.4600 8.61038
7.4700 8.62833
7.4800 8.64629
7.4900 8.66428
7.5000 8.68228
7.5100 8.70030
7.5200 8.71834
7.5300 8.73639
7.5400 8.75447
7.5500 8.77256
7.5600 8.79066
7.5700 8.80879
7.5800 8.82693
7.5900 8.84509
7.6000 8.86327
7.6100 8.88147
7.6200 8.89968
7.6300 8.91791
7.6400 8.93616
7.6500 8.95443
7.6600 8.97271
7.6700 8.99101
7.6800 9.00933
7.6900 9.02767
7.7000 9.04602
7.7100 9.06440
7.7200 9.08279
7.7300 9.10119
7.7400 9.11962
7.7500 9.13806
7.7600 9.15652
7.7700 9.17500
7.7800 9.19349
7.7900 9.21201
7.8000 9.23054
7.8100 9.24908
7.8200 9.26765
7.8300 9.28623
7.8400 9.30483
7.8500 9.32345
7.8600 9.34209
7.8700 9.36074
7.8800 9.37941
7.8900 9.39810
7.9000 9.41681
7.9100 9.43553
7.9200 9.45427
7.9300 9.47303
7.9400 9.49181
7.9500 9.51060
7.9600 9.52941
7.9700 9.54824
7.9800 9.56709
7.9900 9.58595
8.0000 9.60484
8.0100 9.62374
8.0200 9.64265
8.0300 9.66159
8.0400 9.68054
8.0500 9.69951
8.0600 9.71850
8.0700 9.73750
8.0800 9.75652
8.0900 9.77556
8.1000 9.79462
8.1100 9.81369
8.1200 9.83279
8.1300 9.85189
8.1400 9.87102
8.1500 9.89017
8.1600 9.90933
8.1700 9.92851
8.1800 9.94771
8.1900 9.96692
8.2000 9.98615
8.2100 10.0054
8.2200 10.0247
8.2300 10.0440
8.2400 10.0633
8.2500 10.0826
8.2600 10.1019
8.2700 10.1213
8.2800 10.1406
8.2900 10.1600
8.3000 10.1794
8.3100 10.1989
8.3200 10.2183
8.3300 10.2378
8.3400 10.2572
8.3500 10.2767
8.3600 10.2962
8.3700 10.3158
8.3800 10.3353
8.3900 10.3549
8.4000 10.3745
8.4100 10.3941
8.4200 10.4137
8.4300 10.4333
8.4400 10.4530
8.4500 10.4726
8.4600 10.4923
8.4700 10.5120
8.4800 10.5317
8.4900 10.5515
8.5000 10.5712
8.5100 10.5910
8.5200 10.6108
8.5300 10.6306
8.5400 10.6504
8.5500 10.6703
8.5600 10.6901
8.5700 10.7100
8.5800 10.7299
8.5900 10.7498
8.6000 10.7698
8.6100 10.7897
8.6200 10.8097
8.6300 10.8297
8.6400 10.8497
8.6500 10.8697
8.6600 10.8897
8.6700 10.9098
8.6800 10.9298
8.6900 10.9499
8.7000 10.9700
8.7100 10.9901
8.7200 11.0103
8.7300 11.0304
8.7400 11.0506
8.7500 11.0708
8.7600 11.0910
8.7700 11.1112
8.7800 11.1315
8.7900 11.1517
8.8000 11.1720
8.8100 11.1923
8.8200 11.2126
8.8300 11.2330
8.8400 11.2533
8.8500 11.2737
8.8600 11.2940
8.8700 11.3144
8.8800 11.3349
8.8900 11.3553
8.9000 11.3757
8.9100 11.3962
8.9200 11.4167
8.9300 11.4372
8.9400 11.4577
8.9500 11.4783
8.9600 11.4988
8.9700 11.5194
8.9800 11.5400
8.9900 11.5606
9.0000 11.5812
9.0100 11.6019
9.0200 11.6225
9.0300 11.6432
9.0400 11.6639
9.0500 11.6846
9.0600 11.7053
9.0700 11.7261
9.0800 11.7468
9.0900 11.7676
9.1000 11.7884
9.1100 11.8092
9.1200 11.8301
9.1300 11.8509
9.1400 11.8718
9.1500 11.8927
9.1600 11.9136
9.1700 11.9345
9.1800 11.9554
9.1900 11.9764
9.2000 11.9973
9.2100 12.0183
9.2200 12.0393
9.2300 12.0603
9.2400 12.0814
9.2500 12.1024
9.2600 12.1235
9.2700 12.1446
9.2800 12.1657
9.2900 12.1868
9.3000 12.2080
9.3100 12.2291
9.3200 12.2503
9.3300 12.2715
9.3400 12.2927
9.3500 12.3140
9.3600 12.3352
9.3700 12.3565
9.3800 12.3778
9.3900 12.3990
9.4000 12.4204
9.4100 12.4417
9.4200 12.4630
9.4300 12.4844
9.4400 12.5058
9.4500 12.5272
9.4600 12.5486
9.4700 12.5701
9.4800 12.5915
9.4900 12.6130
9.5000 12.6345
9.5100 12.6560
9.5200 12.6775
9.5300 12.6990
9.5400 12.7206
9.5500 12.7422
9.5600 12.7637
9.5700 12.7854
9.5800 12.8070
9.5900 12.8286
9.6000 12.8503
9.6100 12.8720
9.6200 12.8937
9.6300 12.9154
9.6400 12.9371
9.6500 12.9588
9.6600 12.9806
9.6700 13.0024
9.6800 13.0242
9.6900 13.0460
9.7000 13.0678
9.7100 13.0897
9.7200 13.1115
9.7300 13.1334
9.7400 13.1553
9.7500 13.1772
9.7600 13.1992
9.7700 13.2211
9.7800 13.2431
9.7900 13.2651
9.8000 13.2871
9.8100 13.3091
9.8200 13.3311
9.8300 13.3532
9.8400 13.3753
9.8500 13.3973
9.8600 13.4194
9.8700 13.4416
9.8800 13.4637
9.8900 13.4859
9.9000 13.5080
9.9100 13.5302
9.9200 13.5524
9.9300 13.5747
9.9400 13.5969
9.9500 13.6192
9.9600 13.6414
9.9700 13.6637
9.9800 13.6860
9.9900 13.7084
10.0000 13.7307
