0	0.00282065	0.258475 0 0
1	0.00340123	0.102409 0 0
2	0.00283237	0.144839 0 0
3	0.00288721	0.187492 0 0
4	0.00283471	0.264492 0 0
5	0.00276051	0.0515338 0 0
6	0.00279652	0.236728 0 0
7	0.00272996	0.227475 0 0
8	0.00265828	0.251302 0 0
9	0.00271367	0.241519 0 0
10	0.002787	0.170943 0 0
11	0.00290172	0.176053 0 0
12	0.00273029	0.223118 0 0
13	0.0027491	0.222209 0 0
14	0.00295175	0.153639 0 0
15	0.00324581	0.223275 0 0
16	0.00295907	0.175213 0 0
17	0.00287343	0.201212 0 0
18	0.00278964	0.240196 0 0
19	0.00269427	0.28138 0 0
20	0.00273446	0.222076 0 0
21	0.00307577	0.145348 0 0
22	0.00268563	0.205452 0 0
23	0.00274036	0.24115 0 0
24	0.00285034	0.279157 0 0
25	0.00266291	0.307857 0 0
26	0.00283065	0.0908087 0 0
27	0.0027674	0.285693 0 0
28	0.002767	0.243488 0 0
29	0.00269935	0.234917 0 0
30	0.00278548	0.159164 0 0
31	0.00283721	0.289446 0 0
32	0.00280722	0.310202 0 0
33	0.00271685	0.282603 0 0
34	0.00277669	0.227904 0 0
35	0.00275717	0.277362 0 0
36	0.00280287	0.28574 0 0
37	0.00277946	0.405797 0 0
38	0.0028023	0.334852 0 0
39	0.00275321	0.421444 0 0
40	0.00270984	0.442698 0 0
41	0.00274781	0.496036 0 0
42	0.00277603	0.418447 0 0
43	0.00280665	0.44518 0 0
44	0.00278075	0.444469 0 0
45	0.00287756	0.504074 0 0
46	0.00278801	0.44719 0 0
47	0.00283209	0.523961 0 0
48	0.00247472	0.410106 0 0
49	0.00248801	0.392579 0 0
50	0.00257605	0.333046 0 0
51	0.00261759	0.367958 0 0
52	0.00253105	0.467234 0 0
53	0.00256191	0.344099 0 0
54	0.00245231	0.356752 0 0
55	0.00255808	0.311212 0 0
56	0.00250316	0.40964 0 0
57	0.00267895	0.430355 0 0
58	0.00245793	0.33471 0 0
59	0.00250152	0.37699 0 0
60	0.00255841	0.397344 0 0
61	0.00257028	0.449179 0 0
62	0.00246183	0.399546 0 0
63	0.00253637	0.436518 0 0
64	0.00244457	-0.0189214	1.41188e-07	-2.42813e-11
65	0.00220877	0.0114934	1.31516e-07	-3.35372e-11
66	0.00245592	-0.0514812	1.04594e-07	-1.34169e-11
67	0.00225963	-0.0434952	1.31202e-07	-2.41097e-11
68	0.00230887	0.00295369	2.24708e-07	-6.19469e-11
69	0.00222962	-0.00320584	1.98351e-07	-5.11466e-11
70	0.00233718	-0.0319716	2.15257e-07	-5.96591e-11
71	0.00218793	-0.0501704	5.58776e-07	-1.77595e-10
72	0.00174534	0.15866	3.98765e-07	-1.06332e-10
73	0.0017671	0.141994	3.99498e-07	-1.09448e-10
74  1 0 0 0
75  1 0 0 0
76  1 0 0 0
77  1 0 0 0
78  1 0 0 0
79  1 0 0 0
80  1 0 0 0
